100
362.0 1.0 331.0
495.57819 1.17877 1939.09197
425.0 1.0 401.0
490.08512 1.40606 1998.09188
33.519 1.0 715.6
492.55716 1.23386 1948.86379
267.00000 3.00000 267.00000
266.64592 2.54353 685.40145
262.0 3.0 1993.0
150.00000 2.00000 300.00000
492.10237 2.83591 595.31475
176.56325 3.05554 1322.39900
278.0 4.0 1378.0
493.63494 1.29567 1993.61813
131.303 3.5087 485.00
208.06043 1.58538 506.41496
494.78084 1.32411 1972.09949
366.00000 2.00000 389.00000
497.65478 1.23211 1989.94084
493.18759 1.01403 1959.03767
493.27904 1.04249 1966.47160
492.19699 1.44177 1937.93276
333.88910 1.76751 51.82333
497.29285 1.45654 1952.45435
289.8109 1.96728 840.0
210.841 3.1 504.91629
178.88028 1.3 1784.66319
390.05800 1.20465 99.25140
116.00000 2.00000 232.00000
490.29729 1.08280 1984.22067
386.8 4.0 1206.6123
405.62814 1.84361 247.88941
495.65486 1.33679 1947.93171
490.27763 1.46113 1987.65663
1.06536 3.09579 1999.81545
1.0 3.65779 937.44567
332.99968 2.94651 555.22223
493.86717 1.41589 1944.26428
348.00000 1.00000 360.00000
87.37445 1.0 581.9
497.04308 1.45383 1950.73964
267.675 3.452 1339.77
494.76206 1.37015 1920.03356
1.03371 3.83406 1999.68514
22.65899 3.89791 1285.24155
490.23296 1.29812 1910.09055
492.96767 1.21831 1951.30307
398.0 2.0 1925.0
429.0 1.0 1554.0
491.46197 1.04503 1916.31062
1.05879 3.34754 1999.64406
117.0 4.0 1656.0
491.45562 1.21701 1930.72612
151.06156 3.68155 1596.15051
159.72251 2.09877 979.52025
1.49378 2.84261 2.69869
491.16205 1.25840 1935.91401
30.87984 1.04564 157.13835
4.00000 2.00000 8.00000
411.00000 2.00000 822.00000
328.10271 3.67365 59.49899
133.195 3.0 1074.20073
132.0 3.0 1560.0
35.0 3.0 1355.0
153.0 4.00 2000.0
491.82064 1.31635 1917.53212
392.75276 3.2 955.09
494.39899 1.23247 1951.40595
490.35553 1.43288 1940.31540
497.08856 1.38249 1936.46430
75.99213 1.73500 136.18123
156.0 2.0 1950.0
94.0 3.0 1211.0
24.0 1.9 254.0
258.6 2.63481 799.0
495.40561 1.13154 1956.47860
500.00000 3.8 1009.0
99.7 1.0 1512.9
192.34158 1.17017 1296.72213
495.40198 1.30253 1935.25465
498.51395 1.04425 1929.83867
107.0 4.0 427.0
220.86232 1.512 1315.5
158.08193 1.61272 1677.95675
379.68809 1.65660 182.99757
492.11768 1.40791 1962.63041
494.25754 1.14600 1955.56358
272.43040 3.10131 298.22287
494.98505 1.38993 1923.99248
158.28810 3.62577 51.99350
356.0 1.8 1578.0
497.75113 1.20877 1957.28393
1.07110 3.44061 1999.04141
493.17682 1.22430 1980.12232
490.88692 1.07648 1937.09409
439.0 2.711 1.0
492.35793 1.15171 1905.46113
411.00000 1.00000 424.00000
394.0 4.0 527.0
304.52658 2.22422 1363.60666
