100
65 484
100 1000
1 584
1 1
3 122
85 217
65 221
1 122
1 5
1 1000
121 742
120 485
10 120
187 743
484 742
121 485
1 4
1 485
123 392
546 921
303 584
3 302
4 5
1 664
7 742
21 221
289 384
3 5
1 121
3 485
481 506
121 484
7 221
9 65
170 955
409 680
484 484
8 221
3 221
65 485
7 121
65 742
859 868
3 109
455 818
4 484
4 485
518 793
135 503
122 483
250 855
1 65
483 584
1 109
226 826
3 9
1 104
303 484
1 6
3 4
832 955
88 776
64 280
505 682
285 578
534 732
121 221
123 224
248 842
8 10
3 742
483 742
122 1000
38 678
4 104
8 109
38 913
65 121
3 65
209 393
1 101
3 10
221 701
405 544
1 10
1 221
261 675
120 302
1 2
9 9
9 109
3 6
325 940
9 10
399 453
303 485
9 122
197 841
147 339
1 9
